Seconds	Methods
10	12
20	15
30	15
40	15
50	15
60	15
70	15
80	15
90	15
100	15
110	15
120	15
130	15
140	15
150	15
160	15
170	15
180	15
190	15
200	15
210	15
220	15
230	16
240	16
250	16
260	16
270	16
280	16
290	16
300	16
310	16
320	16
330	16
340	16
350	16
360	16
370	16
380	16
390	16
400	16
410	16
420	16
430	16
440	16
450	16
460	16
470	16
480	16
490	16
500	16
510	16
520	16
530	16
540	16
550	16
560	16
570	16
580	16
590	16
600	16
610	16
620	16
630	16
640	16
650	16
660	16
670	16
680	16
690	16
700	16
710	16
720	16
730	16
740	16
750	16
760	17
770	17
780	17
790	17
800	17
810	17
820	17
830	17
840	17
850	17
860	17
870	17
880	17
890	17
900	17
910	17
920	17
930	17
940	17
950	17
960	17
970	17
980	17
990	17
1000	17
1010	17
1020	17
1030	17
1040	17
1050	17
1060	17
1070	17
1080	17
1090	17
1100	17
1110	17
1120	17
1130	17
1140	17
1150	17
1160	17
1170	17
1180	17
1190	17
1200	17
1210	17
1220	17
1230	17
1240	17
1250	17
1260	17
1270	17
1280	17
1290	17
1300	17
1310	17
1320	17
1330	17
1340	17
1350	17
1360	17
1370	17
1380	17
1390	17
1400	17
1410	17
1420	17
1430	17
1440	29
1450	29
1460	29
1470	29
1480	29
1490	29
1500	29
1510	29
1520	29
1530	29
1540	29
1550	29
1560	29
1570	29
1580	29
1590	29
1600	29
1610	29
1620	29
1630	29
1640	29
1650	29
1660	29
1670	29
1680	29
1690	29
1700	29
1710	29
1720	29
1730	29
1740	29
1750	29
1760	29
1770	29
1780	29
1790	29
1800	29
1810	29
1820	29
1830	29
1840	29
1850	29
1860	29
1870	29
1880	29
1890	29
1900	29
1910	29
1920	29
1930	29
1940	29
1950	29
1960	29
1970	29
1980	29
1990	29
2000	29
2010	29
2020	29
2030	29
2040	29
2050	29
2060	29
2070	29
2080	29
2090	29
2100	29
2110	29
2120	29
2130	29
2140	29
2150	29
2160	29
2170	29
2180	29
2190	29
2200	29
2210	29
2220	29
2230	29
2240	29
2250	29
2260	29
2270	29
2280	29
2290	29
2300	29
2310	29
2320	29
2330	29
2340	29
2350	29
2360	29
2370	29
2380	29
2390	29
2400	29
2410	29
2420	29
2430	29
2440	29
2450	29
2460	29
2470	29
2480	29
2490	29
2500	29
2510	29
2520	29
2530	29
2540	29
2550	29
2560	29
2570	29
2580	29
2590	29
2600	29
2610	29
2620	29
2630	29
2640	29
2650	29
2660	29
2670	29
2680	29
2690	29
2700	29
2710	29
2720	29
2730	29
2740	29
2750	29
2760	29
2770	29
2780	29
2790	29
2800	29
2810	29
2820	29
2830	29
2840	29
2850	29
2860	29
2870	29
2880	29
2890	29
2900	29
2910	29
2920	29
2930	29
2940	29
2950	29
2960	29
2970	29
2980	29
2990	29
3000	29
3010	29
3020	29
3030	29
3040	29
3050	29
3060	29
3070	29
3080	29
3090	29
3100	29
3110	29
3120	29
3130	29
3140	29
3150	29
3160	29
3170	29
3180	29
3190	29
3200	29
3210	29
3220	29
3230	29
3240	29
3250	29
3260	29
3270	29
3280	29
3290	29
3300	29
3310	29
3320	29
3330	29
3340	29
3350	29
3360	29
3370	29
3380	29
3390	29
3400	29
3410	29
3420	29
3430	29
3440	29
3450	29
3460	29
3470	29
3480	29
3490	29
3500	29
3510	29
3520	29
3530	29
3540	29
3550	29
3560	29
3570	29
3580	29
3590	29
3600	29
3610	29
3620	29
3630	29
3640	29
3650	29
3660	29
3670	29
3680	29
3690	29
3700	29
3710	29
3720	29
3730	29
3740	29
3750	29
3760	29
3770	29
3780	29
3790	29
3800	29
3810	29
3820	29
3830	29
3840	29
3850	29
3860	29
3870	29
3880	29
3890	29
3900	29
3910	29
3920	29
3930	29
3940	29
3950	29
3960	29
3970	29
3980	29
3990	29
4000	29
4010	29
4020	29
4030	29
4040	29
4050	29
4060	29
4070	29
4080	29
4090	29
4100	29
4110	29
4120	29
4130	29
4140	29
4150	29
4160	29
4170	29
4180	29
4190	29
4200	29
4210	29
4220	29
4230	29
4240	29
4250	29
4260	29
4270	29
4280	29
4290	29
4300	29
4310	29
4320	29
4330	29
4340	29
4350	29
4360	29
4370	29
4380	29
4390	29
4400	29
4410	29
4420	29
4430	29
4440	29
4450	29
4460	29
4470	29
4480	29
4490	29
4500	29
4510	29
4520	29
4530	29
4540	29
4550	29
4560	29
4570	29
4580	29
4590	29
4600	29
4610	29
4620	29
4630	29
4640	29
4650	29
4660	29
4670	29
4680	29
4690	29
4700	29
4710	29
4720	29
4730	29
4740	29
4750	29
4760	29
4770	29
4780	29
4790	29
4800	29
4810	29
4820	29
4830	29
4840	29
4850	29
4860	29
4870	29
4880	29
4890	29
4900	29
4910	29
4920	29
4930	29
4940	29
4950	29
4960	29
4970	29
4980	29
4990	29
5000	29
5010	29
5020	29
5030	29
5040	29
5050	29
5060	29
5070	29
5080	29
5090	29
5100	29
5110	29
5120	29
5130	29
5140	29
5150	29
5160	29
5170	29
5180	29
5190	29
5200	29
5210	29
5220	29
5230	29
5240	29
5250	29
5260	29
5270	29
5280	29
5290	29
5300	29
5310	29
5320	29
5330	29
5340	29
5350	29
5360	29
5370	29
5380	29
5390	29
5400	29
5410	29
5420	29
5430	29
5440	29
5450	29
5460	29
5470	29
5480	29
5490	29
5500	29
5510	29
