Seconds	Methods
10	2
20	2
30	2
40	2
50	2
60	2
70	3
80	3
90	3
100	3
110	3
120	3
130	3
140	3
150	3
160	3
170	3
180	3
190	3
200	3
210	3
220	3
230	3
240	3
250	3
260	3
270	3
280	3
290	3
300	3
310	3
320	3
330	3
340	3
350	3
360	3
370	3
380	3
390	3
400	3
410	3
420	3
430	3
440	3
450	3
460	3
470	3
480	3
490	3
500	3
510	3
520	3
530	3
540	3
550	3
560	3
570	3
580	3
590	3
600	3
610	3
620	3
630	3
640	3
650	3
660	3
670	3
680	3
690	3
700	3
710	3
720	3
730	3
740	3
750	3
760	3
770	3
780	3
790	3
800	3
810	3
820	3
830	3
840	3
850	3
860	3
870	3
880	3
890	3
900	3
910	3
920	3
930	3
940	3
950	3
960	3
970	3
980	3
990	3
1000	3
1010	3
1020	3
1030	3
1040	3
1050	3
1060	3
1070	3
1080	3
1090	3
1100	3
1110	3
1120	3
1130	3
1140	3
1150	3
1160	3
1170	3
1180	3
1190	3
1200	3
1210	3
1220	3
1230	3
1240	3
1250	3
1260	3
1270	3
1280	3
1290	3
1300	3
1310	3
1320	3
1330	3
1340	3
1350	3
1360	3
1370	3
1380	3
1390	3
1400	3
1410	3
1420	3
1430	3
1440	3
1450	3
1460	3
1470	3
1480	3
1490	3
1500	3
1510	3
1520	3
1530	3
1540	3
1550	3
1560	3
1570	3
1580	3
1590	3
1600	3
1610	3
1620	3
1630	3
1640	3
1650	3
1660	3
1670	3
1680	3
1690	3
1700	3
1710	3
1720	3
1730	3
1740	3
1750	3
1760	3
1770	3
1780	3
1790	3
1800	3
1810	3
1820	3
1830	3
1840	3
1850	3
1860	3
1870	3
1880	3
1890	3
1900	3
1910	3
1920	3
1930	3
1940	3
1950	3
1960	3
1970	3
1980	3
1990	3
2000	3
2010	3
2020	3
2030	3
2040	3
2050	3
2060	3
2070	3
2080	3
2090	3
2100	3
2110	3
2120	3
2130	3
2140	3
2150	3
2160	3
2170	3
2180	3
2190	3
2200	3
2210	3
2220	3
2230	3
2240	3
2250	3
2260	3
2270	3
2280	3
2290	3
2300	3
2310	3
2320	3
2330	3
2340	3
2350	3
2360	3
2370	3
2380	3
2390	3
2400	3
2410	3
2420	3
2430	3
2440	3
2450	3
2460	3
2470	3
2480	3
2490	3
2500	3
2510	3
2520	3
2530	3
2540	3
2550	3
2560	3
2570	3
2580	3
2590	3
2600	3
2610	3
2620	3
2630	3
2640	3
2650	3
2660	3
2670	3
2680	3
2690	3
2700	3
2710	3
2720	3
2730	3
2740	3
2750	3
2760	3
2770	3
2780	3
2790	3
2800	3
2810	3
2820	3
2830	3
2840	3
2850	3
2860	3
2870	3
2880	3
2890	3
2900	3
2910	3
2920	3
2930	3
2940	3
2950	3
2960	3
2970	3
2980	3
2990	3
3000	3
3010	3
3020	3
3030	3
3040	3
3050	3
3060	3
3070	3
3080	3
3090	3
3100	3
3110	3
3120	3
3130	3
3140	3
3150	3
3160	3
3170	3
3180	3
3190	3
3200	3
3210	3
3220	3
3230	3
3240	3
3250	3
3260	3
3270	3
3280	3
3290	3
3300	3
3310	3
3320	3
3330	3
3340	3
3350	3
3360	3
3370	3
3380	3
3390	3
3400	3
3410	3
3420	3
3430	3
3440	3
3450	3
3460	3
3470	3
3480	3
3490	3
3500	3
3510	3
3520	3
3530	3
3540	3
3550	3
3560	3
3570	3
3580	3
3590	3
3600	3
3610	3
3620	3
3630	3
3640	3
3650	3
3660	3
3670	3
3680	3
3690	3
3700	3
3710	3
3720	3
3730	3
3740	3
3750	3
3760	3
3770	3
3780	3
3790	3
3800	3
3810	3
3820	3
3830	3
3840	3
3850	3
3860	3
3870	3
3880	3
3890	3
3900	3
3910	3
3920	3
3930	3
3940	3
3950	3
3960	3
3970	3
3980	3
3990	3
4000	3
4010	3
4020	3
4030	3
4040	3
4050	3
4060	3
4070	3
4080	3
4090	3
4100	3
4110	3
4120	3
4130	3
4140	3
4150	3
4160	3
4170	3
4180	3
4190	3
4200	3
4210	3
4220	3
4230	3
4240	3
4250	3
4260	3
4270	3
4280	3
4290	3
4300	3
4310	3
4320	3
4330	3
4340	3
4350	3
4360	3
4370	3
4380	3
4390	3
4400	3
4410	3
4420	3
4430	3
4440	3
4450	3
4460	3
4470	3
4480	3
4490	3
4500	3
4510	3
4520	3
4530	3
4540	3
4550	3
4560	3
4570	3
4580	3
4590	3
4600	3
4610	3
4620	3
4630	3
4640	3
4650	3
4660	3
4670	3
4680	3
4690	3
4700	3
4710	3
4720	3
4730	3
4740	3
4750	3
4760	3
4770	3
4780	3
4790	3
4800	3
4810	3
4820	3
4830	3
4840	3
4850	3
4860	3
4870	3
4880	3
4890	3
4900	3
4910	3
4920	3
4930	3
4940	3
4950	3
4960	3
4970	3
4980	3
4990	3
5000	3
5010	3
5020	3
5030	3
5040	3
5050	3
5060	3
5070	3
5080	3
5090	3
5100	3
5110	3
5120	3
5130	3
5140	3
5150	3
5160	3
5170	3
5180	3
5190	3
5200	3
5210	3
5220	3
5230	3
5240	3
5250	3
5260	3
5270	3
5280	3
5290	3
5300	3
5310	3
5320	3
5330	3
5340	3
5350	3
5360	3
5370	3
5380	3
5390	3
5400	3
5410	3
5420	3
5430	3
5440	3
5450	3
5460	3
5470	3
5480	3
5490	3
5500	3
5510	3
5520	3
5530	3
5540	3
5550	3
5560	3
5570	3
5580	3
5590	3
5600	3
5610	3
5620	3
5630	3
5640	3
5650	3
5660	3
5670	3
5680	3
5690	3
5700	3
5710	3
5720	3
5730	3
5740	3
5750	3
5760	3
5770	3
5780	3
5790	3
5800	3
5810	3
5820	3
5830	3
5840	3
5850	3
5860	3
5870	3
5880	3
5890	3
5900	3
5910	3
5920	3
5930	3
5940	3
5950	3
5960	3
5970	3
5980	3
5990	3
6000	3
6010	3
6020	3
6030	3
6040	3
6050	3
6060	3
6070	3
6080	3
6090	3
6100	3
6110	3
6120	3
6130	3
6140	3
6150	3
6160	3
6170	3
6180	3
6190	3
6200	3
6210	3
6220	3
6230	3
6240	3
6250	3
6260	3
6270	3
6280	3
6290	3
6300	3
6310	3
6320	3
6330	3
6340	3
6350	3
6360	3
6370	3
6380	3
6390	3
6400	3
6410	3
6420	3
6430	3
6440	3
6450	3
6460	3
6470	3
6480	3
6490	3
6500	3
6510	3
6520	3
6530	3
6540	3
6550	3
6560	3
6570	3
6580	3
6590	3
6600	3
6610	3
6620	3
6630	3
6640	3
6650	3
6660	3
6670	3
6680	3
6690	3
6700	3
6710	3
6720	3
6730	3
6740	3
6750	3
6760	3
6770	3
6780	3
6790	3
6800	3
6810	3
6820	3
6830	3
6840	3
6850	3
6860	3
6870	3
6880	3
6890	3
6900	3
6910	3
6920	3
6930	3
6940	3
6950	3
6960	3
6970	3
6980	3
6990	3
7000	3
7010	3
7020	3
7030	3
7040	3
7050	3
7060	3
7070	3
7080	3
7090	3
7100	3
7110	3
7120	3
7130	3
7140	3
7150	3
7160	3
7170	3
7180	3
7190	3
7200	3
7210	3
7220	3
7230	3
7240	3
7250	3
7260	3
7270	3
7280	3
