Seconds	Methods
10	6
20	6
30	7
40	7
50	7
60	7
70	7
80	7
90	7
100	7
110	7
120	7
130	7
140	7
150	7
160	7
170	7
180	8
190	8
200	8
210	8
220	8
230	8
240	8
250	8
260	8
270	8
280	8
290	8
300	8
310	8
320	8
330	8
340	8
350	8
360	8
370	8
380	8
390	8
400	8
410	8
420	8
430	8
440	8
450	8
460	8
470	8
480	8
490	8
500	8
510	8
520	8
530	8
540	8
550	8
560	8
570	8
580	8
590	8
600	8
610	8
620	8
630	8
640	8
650	8
660	8
670	8
680	8
690	8
700	8
710	8
720	8
730	8
740	8
750	8
760	8
770	8
780	8
790	8
800	8
810	8
820	8
830	8
840	8
850	8
860	8
870	8
880	8
890	8
900	8
910	8
920	8
930	8
940	8
950	8
960	8
970	8
980	8
990	8
1000	8
1010	8
1020	8
1030	8
1040	8
1050	8
1060	8
1070	8
1080	8
1090	8
1100	8
1110	8
1120	8
1130	8
1140	8
1150	8
1160	8
1170	8
1180	8
1190	8
1200	8
1210	8
1220	8
1230	8
1240	8
1250	8
1260	8
1270	8
1280	8
1290	8
1300	8
1310	8
1320	8
1330	8
1340	8
1350	8
1360	8
1370	8
1380	8
1390	8
1400	8
1410	8
1420	8
1430	8
1440	8
1450	8
1460	8
1470	8
1480	8
1490	8
1500	8
1510	8
1520	8
1530	8
1540	8
1550	8
1560	8
1570	8
1580	8
1590	8
1600	8
1610	8
1620	8
1630	8
1640	8
1650	8
1660	8
1670	8
1680	8
1690	8
1700	9
1710	9
1720	9
1730	9
1740	9
1750	9
1760	9
1770	9
1780	9
1790	9
1800	9
1810	9
1820	9
1830	9
1840	9
1850	9
1860	9
1870	9
1880	9
1890	9
1900	9
1910	9
1920	9
1930	9
1940	9
1950	9
1960	9
1970	9
1980	9
1990	9
2000	9
2010	9
2020	9
2030	9
2040	9
2050	9
2060	9
2070	9
2080	9
2090	9
2100	9
2110	9
2120	9
2130	9
2140	9
2150	9
2160	9
2170	9
2180	9
2190	9
2200	9
2210	9
2220	9
2230	9
2240	9
2250	9
2260	9
2270	9
2280	9
2290	9
2300	9
2310	9
2320	9
2330	9
2340	9
2350	9
2360	9
2370	9
2380	9
2390	9
2400	9
2410	9
2420	9
2430	9
2440	9
2450	9
2460	9
2470	9
2480	9
2490	9
2500	9
2510	9
2520	9
2530	9
2540	9
2550	9
2560	9
2570	9
2580	9
2590	9
2600	9
2610	9
2620	9
2630	9
2640	9
2650	9
2660	9
2670	9
2680	9
2690	9
2700	9
2710	9
2720	9
2730	9
2740	9
2750	9
2760	9
2770	9
2780	9
2790	9
2800	9
2810	9
2820	9
2830	9
2840	9
2850	9
2860	9
2870	9
2880	9
2890	9
2900	9
2910	9
2920	9
2930	9
2940	9
2950	9
2960	9
2970	9
2980	9
2990	9
3000	9
3010	9
3020	9
3030	9
3040	9
3050	9
3060	9
3070	9
3080	9
3090	9
3100	9
3110	9
3120	9
3130	9
3140	9
3150	9
3160	9
3170	9
3180	9
3190	9
3200	9
3210	9
3220	9
3230	9
3240	9
3250	9
3260	9
3270	9
3280	9
3290	9
3300	9
3310	9
3320	9
3330	9
3340	9
3350	9
3360	9
3370	9
3380	9
3390	9
3400	9
3410	9
3420	9
3430	9
3440	9
3450	9
3460	9
3470	9
3480	9
3490	9
3500	9
3510	9
3520	9
3530	9
3540	9
3550	9
3560	9
3570	9
3580	9
3590	9
3600	9
3610	9
3620	9
3630	9
3640	9
3650	9
3660	9
3670	9
3680	9
3690	9
3700	9
3710	9
3720	9
3730	9
3740	9
3750	9
3760	9
3770	9
3780	9
3790	9
3800	9
3810	9
3820	9
3830	9
3840	9
3850	9
3860	9
3870	9
3880	9
3890	9
3900	9
3910	9
3920	9
3930	9
3940	9
3950	9
3960	9
3970	9
3980	9
3990	9
4000	9
4010	9
4020	9
4030	9
4040	9
4050	9
4060	9
4070	9
4080	9
4090	9
4100	9
4110	9
4120	9
4130	9
4140	9
4150	9
4160	9
4170	9
4180	9
4190	9
4200	9
4210	9
4220	9
4230	9
4240	9
4250	9
4260	9
4270	9
4280	9
4290	9
4300	9
4310	9
4320	9
4330	9
4340	9
4350	9
4360	9
4370	9
4380	9
4390	9
4400	9
4410	9
4420	9
4430	9
4440	9
4450	9
4460	9
4470	9
4480	9
4490	9
4500	9
4510	9
4520	9
4530	9
4540	9
4550	9
4560	9
4570	9
4580	9
4590	9
4600	9
4610	9
4620	9
4630	9
4640	9
4650	9
4660	9
4670	9
4680	9
4690	9
4700	9
4710	9
4720	9
4730	9
4740	9
4750	9
4760	9
4770	9
4780	9
4790	9
4800	9
4810	9
4820	9
4830	9
4840	9
4850	9
4860	9
4870	9
4880	9
4890	9
4900	9
4910	9
4920	9
4930	9
4940	9
4950	9
4960	9
4970	9
4980	9
4990	9
5000	9
5010	9
5020	9
5030	9
5040	9
5050	9
5060	9
5070	9
5080	9
5090	9
5100	9
5110	9
5120	9
5130	9
5140	9
5150	9
5160	9
5170	9
5180	9
5190	9
5200	9
5210	9
5220	9
5230	9
5240	9
5250	9
5260	9
5270	9
5280	9
5290	9
5300	9
5310	9
5320	9
5330	9
5340	9
5350	9
5360	9
5370	9
5380	9
5390	9
5400	9
5410	9
5420	9
5430	9
5440	9
5450	9
5460	9
5470	9
5480	9
5490	9
5500	9
5510	9
5520	9
5530	9
5540	9
5550	9
5560	9
5570	9
5580	9
5590	9
5600	11
5610	11
5620	11
5630	11
5640	11
5650	11
5660	11
5670	11
5680	11
5690	11
5700	11
5710	11
5720	11
5730	11
5740	11
5750	11
5760	11
5770	11
5780	11
5790	11
5800	11
5810	11
5820	11
5830	11
5840	11
5850	11
5860	11
5870	11
5880	11
5890	11
5900	11
5910	11
5920	11
5930	11
5940	11
5950	11
5960	11
5970	11
5980	11
5990	11
6000	11
6010	11
6020	11
6030	11
6040	11
6050	11
6060	11
6070	11
6080	11
6090	11
6100	11
6110	11
6120	11
6130	11
6140	11
6150	11
6160	11
6170	11
6180	11
6190	11
6200	11
6210	11
6220	11
6230	11
6240	11
6250	11
6260	11
6270	11
6280	11
6290	11
6300	11
6310	11
6320	11
6330	11
6340	11
6350	11
6360	11
6370	11
6380	11
6390	11
6400	11
6410	11
6420	11
6430	11
6440	11
6450	11
6460	11
6470	11
6480	11
6490	11
6500	11
6510	11
6520	11
6530	11
6540	11
6550	11
6560	11
6570	11
6580	11
6590	11
6600	11
6610	11
6620	11
6630	11
6640	11
6650	11
6660	11
6670	11
6680	11
6690	11
6700	11
6710	11
6720	11
6730	11
6740	11
6750	11
6760	11
6770	11
6780	11
6790	11
6800	11
6810	11
6820	11
6830	11
6840	11
6850	11
6860	11
6870	11
6880	11
6890	11
6900	11
6910	11
6920	11
6930	11
6940	11
6950	11
6960	11
6970	11
6980	11
6990	11
7000	11
7010	11
7020	11
7030	11
7040	11
7050	11
7060	11
7070	11
7080	11
7090	11
7100	11
7110	11
7120	11
7130	11
7140	11
7150	11
7160	11
7170	11
7180	11
7190	11
7200	11
7210	11
7220	11
7230	11
7240	11
7250	11
7260	11
7270	11
7280	11
7290	11
7300	11
7310	11
7320	11
7330	11
7340	11
7350	11
7360	11
7370	11
7380	11
7390	11
7400	11
7410	11
7420	11
7430	11
7440	11
7450	11
7460	11
7470	11
7480	11
7490	11
7500	11
7510	11
7520	11
7530	11
7540	11
7550	11
7560	11
7570	11
7580	11
7590	11
7600	11
7610	11
7620	11
7630	11
7640	11
7650	11
7660	11
7670	11
7680	11
7690	11
7700	11
7710	11
7720	11
7730	11
7740	11
7750	11
7760	11
7770	11
7780	11
7790	11
7800	11
7810	11
7820	11
7830	11
7840	11
7850	11
7860	11
7870	11
7880	11
7890	11
7900	11
7910	11
7920	11
7930	11
7940	11
7950	11
7960	11
7970	11
7980	11
7990	11
8000	11
8010	11
8020	11
8030	11
8040	11
8050	11
8060	11
8070	11
8080	11
8090	11
8100	11
8110	11
8120	11
8130	11
8140	11
8150	11
8160	11
8170	11
8180	11
8190	11
8200	11
8210	11
8220	11
8230	11
8240	11
8250	11
8260	11
8270	11
8280	11
8290	11
8300	11
8310	11
8320	11
8330	11
8340	11
8350	11
8360	11
8370	11
8380	11
8390	11
8400	11
8410	11
8420	11
8430	11
8440	11
8450	11
8460	11
8470	11
8480	11
8490	11
8500	11
8510	11
8520	11
8530	11
8540	11
8550	11
8560	11
8570	11
8580	11
8590	11
8600	11
8610	11
8620	11
8630	11
8640	11
8650	11
8660	11
8670	11
8680	11
8690	11
8700	11
8710	11
8720	11
8730	11
8740	11
8750	11
8760	11
8770	11
8780	11
8790	11
8800	11
8810	11
8820	11
8830	11
8840	11
8850	11
8860	11
8870	11
8880	11
8890	11
8900	11
8910	11
8920	11
8930	11
8940	11
8950	11
8960	11
8970	11
8980	11
8990	11
9000	11
9010	11
9020	11
9030	11
9040	11
9050	11
9060	11
9070	11
9080	11
9090	11
9100	11
9110	11
9120	11
9130	11
9140	11
9150	11
9160	11
9170	11
9180	11
9190	11
9200	11
9210	11
9220	11
9230	11
9240	11
9250	11
9260	11
9270	11
9280	11
9290	11
9300	11
9310	11
9320	11
9330	11
9340	11
9350	11
9360	11
9370	11
9380	11
9390	11
9400	11
9410	11
9420	11
9430	11
9440	11
9450	11
9460	11
9470	11
9480	11
9490	11
9500	11
9510	11
9520	11
9530	11
9540	11
9550	11
9560	11
9570	11
9580	11
9590	11
9600	11
9610	11
9620	11
9630	11
9640	11
9650	11
9660	11
9670	11
9680	11
9690	11
9700	11
9710	11
9720	11
9730	11
9740	11
9750	11
9760	11
9770	11
9780	11
9790	11
9800	11
9810	11
9820	11
9830	11
9840	11
9850	11
9860	11
9870	11
9880	11
9890	11
9900	11
9910	11
9920	11
9930	11
9940	11
9950	11
9960	11
9970	11
9980	11
9990	11
10000	11
10010	11
10020	11
10030	11
10040	11
10050	11
10060	11
10070	11
10080	11
10090	11
10100	11
10110	11
10120	11
10130	11
10140	11
10150	11
10160	11
10170	11
10180	11
10190	11
10200	11
10210	11
10220	11
10230	11
10240	11
10250	11
10260	11
10270	11
10280	11
10290	11
10300	11
10310	11
10320	11
10330	11
10340	11
10350	11
10360	11
10370	11
10380	11
10390	11
10400	11
10410	11
10420	11
10430	11
10440	11
10450	11
10460	11
10470	11
10480	11
10490	11
10500	11
10510	11
10520	11
10530	11
10540	11
10550	11
10560	11
10570	11
10580	11
10590	11
10600	11
10610	11
10620	11
10630	11
10640	11
10650	11
10660	11
10670	11
