Seconds	Methods
10	4
20	4
30	4
40	4
50	4
60	4
70	4
80	4
90	4
100	4
110	4
120	4
130	4
140	4
150	4
160	4
170	4
180	5
190	5
200	5
210	5
220	5
230	5
240	5
250	5
260	5
270	5
280	5
290	5
300	5
310	5
320	5
330	5
340	5
350	5
360	5
370	5
380	5
390	5
400	5
410	5
420	5
430	5
440	5
450	5
460	5
470	5
480	5
490	5
500	5
510	5
520	5
530	5
540	5
550	5
560	5
570	5
580	5
590	5
600	5
610	5
620	5
630	5
640	5
650	5
660	5
670	5
680	5
690	5
700	5
710	5
720	5
730	5
740	5
750	5
760	5
770	5
780	5
790	5
800	5
810	5
820	5
830	5
840	5
850	7
860	7
870	7
880	7
890	7
900	7
910	7
920	7
930	7
940	7
950	7
960	7
970	7
980	7
990	7
1000	7
1010	7
1020	7
1030	7
1040	7
1050	7
1060	7
1070	7
1080	7
1090	7
1100	7
1110	7
1120	7
1130	7
1140	7
1150	7
1160	7
1170	7
1180	7
1190	7
1200	7
1210	7
1220	7
1230	7
1240	7
1250	7
1260	7
1270	7
1280	7
1290	7
1300	7
1310	7
1320	7
1330	7
1340	7
1350	7
1360	7
1370	7
1380	7
1390	7
1400	7
1410	7
1420	7
1430	7
1440	7
1450	7
1460	7
1470	7
1480	7
1490	7
1500	7
1510	7
1520	7
1530	7
1540	7
1550	7
1560	7
1570	7
1580	7
1590	7
1600	7
1610	7
1620	7
1630	7
1640	7
1650	7
1660	7
1670	7
1680	7
1690	7
1700	7
1710	7
1720	7
1730	7
1740	7
1750	7
1760	7
1770	7
1780	7
1790	7
1800	7
1810	7
1820	7
1830	7
1840	7
1850	7
1860	7
1870	7
1880	7
1890	7
1900	7
1910	7
1920	7
1930	7
1940	7
1950	7
1960	7
1970	7
1980	7
1990	7
2000	7
2010	7
2020	7
2030	7
2040	7
2050	7
2060	7
2070	7
2080	7
2090	7
2100	7
2110	7
2120	7
2130	7
2140	7
2150	7
2160	7
2170	7
2180	7
2190	7
2200	7
2210	7
2220	7
2230	7
2240	7
2250	7
2260	7
2270	7
2280	7
2290	7
2300	7
2310	7
2320	7
2330	7
2340	7
2350	7
2360	7
2370	7
2380	7
2390	7
2400	7
2410	7
2420	7
2430	7
2440	7
2450	7
2460	7
2470	7
2480	7
2490	7
2500	7
2510	7
2520	7
2530	7
2540	7
2550	7
2560	7
2570	7
2580	7
2590	7
2600	7
2610	7
2620	7
2630	7
2640	7
2650	7
2660	7
2670	7
2680	7
2690	7
2700	7
2710	7
2720	7
2730	7
2740	7
2750	7
2760	7
2770	7
2780	7
2790	7
2800	7
2810	7
2820	7
2830	7
2840	7
2850	7
2860	7
2870	7
2880	7
2890	7
2900	7
2910	7
2920	7
2930	7
2940	7
2950	7
2960	7
2970	7
2980	7
2990	7
3000	7
3010	7
3020	7
3030	7
3040	7
3050	7
3060	7
3070	7
3080	7
3090	7
3100	7
3110	7
3120	7
3130	7
3140	7
3150	7
3160	7
3170	7
3180	7
3190	7
3200	7
3210	7
3220	7
3230	7
3240	7
3250	7
3260	7
3270	7
3280	7
3290	7
3300	7
3310	7
3320	7
3330	7
3340	7
3350	7
3360	7
3370	7
3380	7
3390	7
3400	7
3410	7
3420	7
3430	7
3440	7
3450	7
3460	7
3470	7
3480	7
3490	7
3500	7
3510	7
3520	7
3530	7
3540	7
3550	7
3560	7
3570	7
3580	7
3590	7
3600	7
3610	7
3620	7
3630	7
3640	7
3650	7
3660	7
3670	7
3680	7
3690	7
3700	7
3710	7
3720	7
3730	7
3740	7
3750	7
3760	7
3770	7
3780	7
3790	7
3800	7
3810	7
3820	7
3830	7
3840	7
3850	7
3860	7
3870	7
3880	7
3890	7
3900	7
3910	7
3920	7
3930	7
3940	7
3950	7
3960	7
3970	7
3980	7
3990	7
4000	7
4010	7
4020	7
4030	7
4040	7
4050	7
4060	7
4070	7
4080	7
4090	7
4100	7
4110	7
4120	7
4130	7
4140	7
4150	7
4160	7
4170	7
4180	7
4190	7
4200	7
4210	7
4220	7
4230	7
4240	7
4250	7
4260	7
4270	7
4280	7
4290	7
4300	7
4310	7
4320	7
4330	7
4340	7
4350	7
4360	7
4370	7
4380	7
4390	7
4400	7
4410	7
4420	7
4430	7
4440	7
4450	7
4460	7
4470	7
4480	7
4490	7
4500	7
4510	7
4520	7
4530	7
4540	7
4550	7
4560	7
4570	7
4580	7
4590	7
4600	7
4610	7
4620	7
4630	7
4640	7
4650	7
4660	7
4670	7
4680	7
4690	7
4700	7
4710	7
4720	7
4730	7
4740	7
4750	7
4760	7
4770	7
4780	7
4790	7
4800	7
4810	7
4820	7
4830	7
4840	9
4850	9
4860	9
4870	9
4880	9
4890	9
4900	9
4910	9
4920	9
4930	9
4940	9
4950	9
4960	9
4970	9
4980	9
4990	9
5000	9
5010	9
5020	9
5030	9
5040	9
5050	9
5060	9
5070	9
5080	9
5090	9
5100	9
5110	9
5120	9
5130	9
5140	9
5150	9
5160	9
5170	9
5180	9
5190	9
5200	9
5210	9
5220	9
5230	9
5240	9
5250	9
5260	9
5270	9
5280	9
5290	9
5300	9
5310	9
5320	9
5330	9
5340	9
5350	9
5360	9
5370	9
5380	9
5390	9
5400	9
5410	9
5420	9
5430	9
5440	9
5450	9
5460	9
5470	9
5480	9
5490	9
5500	9
5510	9
5520	9
5530	9
5540	9
5550	9
5560	9
5570	9
5580	9
5590	9
5600	9
5610	9
5620	9
5630	9
5640	9
5650	9
5660	9
5670	9
5680	9
5690	9
5700	9
5710	9
5720	9
5730	9
5740	9
5750	9
5760	9
5770	9
5780	9
5790	9
5800	9
5810	9
5820	9
5830	9
5840	9
5850	9
5860	9
5870	9
5880	9
5890	9
5900	9
5910	9
5920	9
5930	9
5940	9
5950	9
5960	9
5970	9
5980	9
5990	9
6000	9
6010	9
6020	11
6030	11
6040	11
6050	11
6060	11
6070	11
6080	11
6090	11
6100	11
6110	11
6120	11
6130	11
6140	11
6150	11
6160	11
6170	11
6180	11
6190	11
6200	11
6210	11
6220	11
6230	11
6240	11
6250	11
6260	11
6270	11
6280	11
6290	11
6300	11
6310	11
6320	11
6330	11
6340	11
6350	11
6360	11
6370	11
6380	11
6390	11
6400	11
6410	11
6420	11
6430	11
6440	11
6450	11
6460	11
6470	11
6480	11
6490	11
6500	11
6510	11
6520	11
6530	11
6540	11
6550	11
6560	11
6570	11
6580	11
6590	11
6600	11
6610	11
6620	11
6630	11
6640	11
6650	11
6660	11
6670	11
6680	11
6690	11
6700	11
6710	11
6720	11
6730	11
6740	11
6750	11
6760	11
6770	11
6780	11
6790	11
6800	11
6810	11
6820	11
6830	11
6840	11
6850	11
6860	11
6870	11
6880	11
6890	11
6900	11
6910	11
6920	11
6930	11
6940	11
6950	11
6960	11
6970	11
6980	11
6990	11
7000	11
7010	11
7020	11
7030	11
7040	11
7050	11
7060	11
7070	11
7080	11
7090	11
7100	11
7110	11
7120	11
7130	11
7140	11
7150	11
7160	11
