Seconds	Methods
10	6
20	6
30	6
40	6
50	6
60	6
70	6
80	6
90	6
100	6
110	6
120	6
130	6
140	7
150	7
160	7
170	7
180	7
190	7
200	7
210	7
220	8
230	8
240	8
250	8
260	8
270	8
280	8
290	8
300	8
310	8
320	8
330	8
340	8
350	8
360	8
370	8
380	8
390	8
400	8
410	8
420	8
430	8
440	8
450	8
460	8
470	8
480	8
490	8
500	8
510	8
520	8
530	8
540	8
550	8
560	8
570	8
580	8
590	8
600	8
610	8
620	8
630	8
640	8
650	8
660	8
670	8
680	8
690	8
700	8
710	8
720	8
730	8
740	8
750	8
760	8
770	8
780	8
790	8
800	8
810	8
820	8
830	8
840	8
850	8
860	8
870	8
880	8
890	8
900	8
910	8
920	8
930	8
940	8
950	8
960	8
970	8
980	8
990	8
1000	8
1010	8
1020	8
1030	8
1040	8
1050	8
1060	8
1070	8
1080	8
1090	8
1100	8
1110	8
1120	8
1130	8
1140	8
1150	8
1160	8
1170	8
1180	8
1190	8
1200	8
1210	8
1220	8
1230	8
1240	8
1250	8
1260	8
1270	8
1280	8
1290	8
1300	8
1310	8
1320	8
1330	8
1340	8
1350	8
1360	8
1370	8
1380	8
1390	8
1400	8
1410	8
1420	8
1430	8
1440	8
1450	8
1460	8
1470	8
1480	8
1490	8
1500	8
1510	8
1520	8
1530	8
1540	8
1550	8
1560	8
1570	8
1580	8
1590	8
1600	8
1610	8
1620	8
1630	8
1640	8
1650	8
1660	8
1670	8
1680	8
1690	8
1700	8
1710	8
1720	8
1730	8
1740	8
1750	8
1760	8
1770	8
1780	8
1790	8
1800	8
1810	8
1820	8
1830	8
1840	8
1850	8
1860	8
1870	8
1880	8
1890	8
1900	8
1910	8
1920	8
1930	8
1940	8
1950	8
1960	8
1970	8
1980	8
1990	8
2000	8
2010	8
2020	8
2030	8
2040	8
2050	8
2060	8
2070	8
2080	8
2090	8
2100	8
2110	8
2120	8
2130	8
2140	8
2150	8
2160	8
2170	8
2180	8
2190	8
2200	8
2210	8
2220	8
2230	8
2240	8
2250	8
2260	8
2270	8
2280	8
2290	8
2300	8
2310	8
2320	8
2330	8
2340	8
2350	8
2360	8
2370	8
2380	8
2390	8
2400	8
2410	8
2420	8
2430	8
2440	8
2450	8
2460	8
2470	8
2480	8
2490	8
2500	8
2510	8
2520	8
2530	8
2540	8
2550	8
2560	8
2570	8
2580	8
2590	8
2600	8
2610	8
2620	8
2630	8
2640	8
2650	8
2660	8
2670	8
2680	8
2690	8
2700	8
2710	8
2720	8
2730	8
2740	8
2750	8
2760	8
2770	8
2780	8
2790	8
2800	8
2810	8
2820	8
2830	8
2840	8
2850	8
2860	8
2870	8
2880	8
2890	8
2900	8
2910	8
2920	8
2930	8
2940	8
2950	8
2960	8
2970	8
2980	8
2990	8
3000	8
3010	8
3020	8
3030	8
3040	8
3050	8
3060	8
3070	8
3080	8
3090	8
3100	8
3110	8
3120	8
3130	8
3140	8
3150	8
3160	8
3170	8
3180	8
3190	8
3200	8
3210	8
3220	8
3230	8
3240	8
3250	8
3260	8
3270	8
3280	8
3290	8
3300	8
3310	8
3320	8
3330	8
3340	8
3350	8
3360	8
3370	8
3380	8
3390	8
3400	8
3410	8
3420	8
3430	8
3440	8
3450	8
3460	8
3470	8
3480	8
3490	8
3500	8
3510	8
3520	8
3530	8
3540	8
3550	8
3560	8
3570	8
3580	8
3590	8
3600	8
3610	8
3620	8
3630	8
3640	8
3650	8
3660	8
3670	8
3680	8
3690	8
3700	8
3710	8
3720	8
3730	8
3740	8
3750	8
3760	8
3770	8
3780	8
3790	8
3800	8
3810	8
3820	8
3830	8
3840	8
3850	8
3860	8
3870	8
3880	8
3890	8
3900	8
3910	8
3920	8
3930	8
3940	8
3950	8
3960	8
3970	8
3980	8
3990	8
4000	8
4010	8
4020	8
4030	8
4040	8
4050	8
4060	8
4070	8
4080	8
4090	8
4100	8
4110	8
4120	8
4130	8
4140	8
4150	8
4160	8
4170	8
4180	8
4190	8
4200	8
4210	8
4220	8
4230	8
4240	8
4250	8
4260	8
4270	8
4280	8
4290	8
4300	8
4310	8
4320	8
4330	8
4340	8
4350	8
4360	8
4370	8
4380	8
4390	8
4400	8
4410	8
4420	8
4430	8
4440	8
4450	8
4460	8
4470	8
4480	8
4490	8
4500	8
4510	8
4520	8
4530	8
4540	8
4550	8
4560	8
4570	8
4580	8
4590	8
4600	8
4610	8
4620	8
4630	8
4640	8
4650	8
4660	8
4670	8
4680	8
4690	8
4700	8
4710	8
4720	8
4730	8
4740	8
4750	8
4760	8
4770	8
4780	8
4790	8
4800	8
4810	8
4820	8
4830	8
4840	8
4850	8
4860	8
4870	8
4880	8
4890	8
4900	8
4910	8
4920	8
4930	8
4940	8
4950	8
4960	8
4970	8
4980	8
4990	8
5000	8
5010	8
5020	8
5030	8
5040	8
5050	8
5060	8
5070	8
5080	8
5090	8
5100	8
5110	8
5120	8
5130	8
5140	8
5150	8
5160	8
5170	8
5180	8
5190	8
5200	8
5210	8
5220	8
5230	8
5240	8
5250	8
5260	8
5270	8
5280	8
5290	8
5300	8
5310	8
5320	8
5330	8
5340	8
5350	8
5360	8
5370	8
5380	8
5390	8
5400	8
5410	8
5420	8
5430	8
5440	8
5450	8
5460	8
5470	8
5480	8
5490	8
5500	8
5510	8
5520	8
5530	8
5540	8
5550	8
5560	8
5570	8
5580	8
5590	8
5600	8
5610	8
5620	8
5630	8
5640	8
5650	8
5660	8
5670	8
5680	8
5690	8
5700	8
5710	8
5720	8
5730	8
5740	8
5750	8
5760	8
5770	8
5780	8
5790	8
5800	8
5810	8
5820	8
5830	8
5840	8
5850	8
5860	8
5870	8
5880	8
5890	8
5900	8
5910	8
5920	8
5930	8
5940	8
5950	8
5960	8
5970	8
5980	8
5990	8
6000	8
6010	8
6020	8
6030	8
6040	8
6050	8
6060	8
6070	8
6080	8
6090	8
6100	8
6110	8
6120	8
6130	8
6140	8
6150	8
6160	8
6170	8
6180	8
6190	8
6200	8
6210	8
6220	8
6230	8
6240	8
6250	8
6260	8
6270	8
6280	8
6290	8
6300	8
6310	8
6320	8
6330	8
6340	8
6350	8
6360	8
6370	8
6380	8
6390	8
6400	8
6410	8
6420	8
6430	8
6440	8
6450	8
6460	8
6470	8
6480	8
6490	8
6500	8
6510	8
6520	8
6530	8
6540	8
6550	8
6560	8
6570	8
6580	8
6590	8
6600	8
6610	8
6620	8
6630	8
6640	8
6650	8
6660	8
6670	8
6680	8
6690	8
6700	8
6710	8
6720	8
6730	8
6740	8
6750	8
6760	8
6770	8
6780	8
6790	8
6800	8
6810	8
6820	8
6830	8
6840	8
6850	8
6860	8
6870	8
6880	8
6890	8
6900	8
6910	8
6920	8
6930	8
6940	8
6950	8
6960	8
6970	8
6980	8
6990	8
7000	8
7010	8
7020	8
7030	8
7040	8
7050	8
7060	8
7070	8
7080	8
7090	8
7100	8
7110	8
7120	8
7130	8
7140	8
7150	8
7160	8
7170	8
7180	8
7190	8
7200	8
7210	8
7220	8
7230	8
7240	8
7250	8
7260	8
7270	8
7280	8
7290	8
7300	8
7310	8
7320	8
7330	8
7340	8
7350	8
7360	8
7370	8
7380	8
7390	8
7400	8
7410	8
7420	8
7430	8
7440	8
7450	8
7460	8
7470	8
7480	8
7490	8
7500	8
7510	8
7520	8
7530	8
7540	8
7550	8
7560	8
7570	8
7580	8
7590	8
7600	8
7610	8
7620	8
7630	8
7640	8
7650	8
7660	8
7670	8
7680	8
7690	8
7700	8
7710	8
7720	8
7730	8
7740	8
7750	8
7760	8
7770	8
7780	8
7790	8
7800	8
7810	8
7820	8
7830	8
7840	8
7850	8
7860	8
7870	8
7880	8
7890	8
7900	8
7910	8
7920	8
7930	8
7940	8
7950	8
7960	8
7970	8
7980	8
7990	8
8000	8
8010	8
8020	8
8030	8
8040	8
8050	8
8060	8
8070	8
8080	8
8090	8
8100	8
8110	8
8120	8
8130	8
8140	8
8150	8
8160	8
8170	8
8180	8
8190	8
8200	8
8210	8
8220	8
8230	8
8240	8
8250	8
8260	8
8270	8
8280	8
8290	8
8300	8
8310	8
8320	8
8330	8
8340	8
8350	8
8360	8
8370	8
8380	8
8390	8
8400	8
8410	8
8420	8
8430	8
8440	8
8450	8
8460	8
8470	8
8480	8
8490	8
8500	8
8510	8
8520	8
8530	8
8540	8
8550	8
8560	8
8570	8
8580	8
8590	8
8600	8
8610	8
8620	8
8630	8
8640	8
8650	8
8660	8
8670	8
8680	8
8690	8
8700	8
8710	8
8720	8
8730	8
8740	8
8750	8
8760	8
8770	8
8780	8
8790	8
8800	8
8810	8
8820	8
8830	8
8840	8
8850	8
8860	8
8870	8
8880	8
8890	8
8900	8
8910	8
8920	8
8930	8
8940	8
8950	8
8960	8
8970	8
8980	8
8990	8
9000	8
9010	8
9020	8
9030	8
9040	8
9050	8
9060	8
9070	8
9080	8
9090	8
9100	8
9110	8
9120	8
9130	8
9140	8
9150	8
9160	8
9170	8
9180	8
9190	8
9200	8
9210	8
9220	8
9230	8
9240	8
9250	8
9260	8
9270	8
9280	8
9290	8
9300	8
9310	8
9320	8
9330	8
9340	8
9350	8
9360	8
9370	8
9380	8
9390	8
9400	8
9410	8
9420	8
9430	8
9440	8
9450	8
9460	8
9470	8
9480	8
9490	8
9500	8
9510	8
9520	8
9530	8
9540	8
9550	8
9560	8
9570	8
9580	8
9590	8
9600	8
9610	8
9620	8
9630	8
9640	8
9650	8
9660	8
9670	8
9680	8
9690	8
9700	8
9710	8
9720	8
9730	8
9740	8
9750	8
9760	8
9770	8
9780	8
9790	8
9800	8
9810	8
9820	8
9830	8
9840	8
9850	8
9860	8
9870	8
9880	8
9890	8
9900	8
9910	8
9920	8
9930	8
9940	8
9950	8
9960	8
9970	8
9980	8
9990	8
10000	8
10010	8
10020	8
10030	8
10040	8
10050	8
10060	8
10070	8
10080	8
10090	8
10100	8
10110	8
10120	8
10130	8
10140	8
10150	8
10160	8
10170	8
10180	8
10190	8
10200	8
10210	8
10220	8
10230	8
10240	8
10250	8
10260	8
10270	8
10280	8
10290	8
10300	8
10310	8
10320	8
10330	8
10340	8
10350	8
10360	8
10370	8
10380	8
10390	8
10400	8
10410	8
10420	8
10430	8
10440	8
10450	8
10460	8
10470	8
10480	8
10490	8
10500	8
10510	8
10520	8
10530	8
10540	8
10550	8
10560	8
10570	8
10580	8
10590	8
10600	8
10610	8
10620	8
10630	8
10640	8
10650	8
10660	8
10670	8
10680	8
10690	8
10700	8
10710	8
10720	8
10730	8
10740	8
10750	8
10760	8
10770	8
10780	8
10790	8
10800	8
10810	8
10820	8
10830	8
10840	8
10850	8
10860	8
10870	8
10880	8
10890	8
10900	8
10910	8
10920	8
10930	8
10940	8
10950	8
10960	8
10970	8
10980	8
10990	8
11000	8
11010	8
11020	8
11030	8
11040	8
11050	8
11060	8
11070	8
11080	8
11090	8
11100	8
11110	8
11120	8
11130	8
11140	8
11150	8
11160	8
11170	8
11180	8
11190	8
11200	8
11210	8
11220	8
11230	8
11240	8
11250	8
11260	8
11270	8
11280	8
11290	8
11300	8
11310	8
11320	8
11330	8
11340	8
11350	8
11360	8
11370	8
11380	8
11390	8
11400	8
11410	8
11420	8
11430	8
11440	8
11450	8
11460	8
11470	8
11480	8
11490	8
11500	8
11510	8
11520	8
11530	8
11540	8
11550	8
11560	8
11570	8
11580	8
11590	8
11600	8
11610	8
11620	8
11630	8
11640	8
11650	8
11660	8
11670	8
11680	8
11690	8
11700	8
11710	8
11720	8
11730	8
11740	8
11750	8
11760	8
11770	8
11780	8
11790	8
11800	8
11810	8
11820	8
11830	8
11840	8
11850	8
11860	8
11870	8
11880	8
11890	8
11900	8
11910	8
11920	8
11930	8
11940	8
11950	8
11960	8
11970	8
11980	8
11990	8
12000	8
12010	8
12020	8
12030	8
12040	8
12050	8
12060	8
12070	8
12080	8
12090	8
12100	8
12110	8
12120	8
12130	8
12140	8
12150	8
12160	8
12170	8
12180	8
12190	8
12200	8
12210	8
12220	8
12230	8
12240	8
12250	8
12260	8
12270	8
12280	8
12290	8
12300	8
12310	8
12320	8
12330	8
12340	8
12350	8
12360	8
12370	8
12380	8
12390	8
12400	8
12410	8
12420	8
12430	8
12440	8
12450	8
12460	8
12470	8
12480	8
12490	8
12500	8
12510	8
12520	8
12530	8
12540	8
12550	8
12560	8
12570	8
12580	8
12590	8
12600	8
12610	8
12620	8
12630	8
12640	8
12650	8
12660	8
12670	8
12680	8
12690	8
12700	8
12710	8
12720	8
12730	8
12740	8
12750	8
12760	8
12770	8
12780	8
12790	8
12800	8
12810	8
12820	8
12830	8
12840	8
12850	8
12860	8
12870	8
12880	8
12890	8
12900	8
12910	8
12920	8
12930	8
12940	8
12950	8
12960	8
12970	8
12980	8
12990	8
13000	8
13010	8
13020	8
13030	8
13040	8
13050	8
13060	8
13070	8
13080	8
13090	8
13100	8
13110	8
13120	8
13130	8
13140	8
13150	8
13160	8
13170	8
13180	8
