Seconds	Methods
10	11
20	11
30	11
40	11
50	11
60	11
70	11
80	11
90	11
100	11
110	11
120	11
130	11
140	11
150	11
160	11
170	11
180	11
190	11
200	11
210	11
220	11
230	11
240	11
250	11
260	11
270	11
280	11
290	11
300	11
310	11
320	11
330	11
340	11
350	11
360	11
370	11
380	11
390	11
400	11
410	11
420	11
430	11
440	11
450	11
460	11
470	11
480	11
490	11
500	11
510	11
520	11
530	11
540	11
550	11
560	11
570	11
580	11
590	11
600	11
610	11
620	11
630	11
640	11
650	11
660	11
670	11
680	11
690	11
700	11
710	11
720	11
730	11
740	11
750	11
760	11
770	11
780	11
790	11
800	11
810	11
820	11
830	11
840	11
850	11
860	11
870	11
880	11
890	11
900	11
910	11
920	11
930	11
940	11
950	11
960	11
970	11
980	11
990	11
1000	11
1010	11
1020	11
1030	11
1040	11
1050	11
1060	11
1070	11
1080	11
1090	11
1100	11
1110	11
1120	11
1130	11
1140	11
1150	11
1160	11
1170	11
1180	11
1190	11
1200	11
1210	11
1220	11
1230	11
1240	11
1250	11
1260	11
1270	11
1280	11
1290	11
1300	11
1310	11
1320	11
1330	11
1340	11
1350	11
1360	11
1370	11
1380	11
1390	11
1400	11
1410	11
1420	11
1430	11
1440	11
1450	11
1460	11
1470	11
1480	11
1490	11
1500	11
1510	11
1520	11
1530	11
1540	11
1550	11
1560	11
1570	11
1580	11
1590	11
1600	11
1610	11
1620	11
1630	11
1640	11
1650	11
1660	11
1670	11
1680	11
1690	11
1700	11
1710	11
1720	11
1730	11
1740	11
1750	11
1760	11
1770	11
1780	11
1790	11
1800	11
1810	11
1820	11
1830	11
1840	11
1850	11
1860	11
1870	11
1880	11
1890	11
1900	11
1910	11
1920	11
1930	11
1940	11
1950	11
1960	11
1970	11
1980	11
1990	11
2000	11
2010	11
2020	11
2030	11
2040	11
2050	11
2060	11
2070	11
2080	11
2090	11
2100	11
2110	11
2120	11
2130	11
2140	11
2150	11
2160	11
2170	11
2180	11
2190	11
2200	11
2210	11
2220	11
2230	11
2240	11
2250	11
2260	11
2270	11
2280	11
2290	11
2300	11
2310	11
2320	11
2330	11
2340	11
2350	11
2360	11
2370	11
2380	11
2390	11
2400	11
2410	11
2420	11
2430	11
2440	11
2450	11
2460	11
2470	11
2480	11
2490	11
2500	11
2510	11
2520	11
2530	11
2540	11
2550	11
2560	11
2570	11
2580	11
2590	11
2600	11
2610	11
2620	11
2630	11
2640	11
2650	11
2660	11
2670	11
2680	11
2690	11
2700	11
2710	11
2720	11
2730	11
2740	11
2750	11
2760	11
2770	11
2780	11
2790	11
2800	11
2810	11
2820	11
2830	11
2840	11
2850	11
2860	11
2870	11
2880	11
2890	11
2900	11
2910	11
2920	11
2930	11
2940	11
2950	11
2960	11
2970	11
2980	11
2990	11
3000	11
3010	11
3020	11
3030	11
3040	11
3050	11
3060	11
3070	11
3080	11
3090	11
3100	11
3110	11
3120	11
3130	11
3140	11
3150	11
3160	11
3170	11
3180	11
3190	11
3200	11
3210	11
3220	11
3230	11
3240	11
3250	11
3260	11
3270	11
3280	11
3290	11
3300	11
3310	11
3320	11
3330	11
3340	11
3350	11
3360	11
3370	11
3380	11
3390	11
3400	11
3410	11
3420	11
3430	11
3440	11
3450	11
3460	11
3470	11
3480	11
3490	11
3500	11
3510	11
3520	11
3530	11
3540	11
3550	11
3560	11
3570	11
3580	11
3590	11
3600	11
3610	11
3620	11
3630	11
3640	11
3650	11
3660	11
3670	11
3680	11
3690	11
3700	11
3710	11
3720	11
3730	11
3740	11
3750	11
3760	11
3770	11
3780	11
3790	11
3800	11
3810	11
3820	11
3830	11
3840	11
3850	11
3860	11
3870	11
3880	11
3890	11
3900	11
3910	11
3920	11
3930	11
3940	11
3950	11
3960	11
3970	11
3980	11
3990	11
4000	11
4010	11
4020	11
4030	11
4040	12
4050	12
4060	12
4070	12
4080	12
4090	12
4100	12
4110	12
4120	12
4130	12
4140	12
4150	12
4160	12
4170	12
4180	12
4190	12
4200	12
4210	12
4220	12
4230	12
4240	12
4250	12
4260	12
4270	12
4280	12
4290	12
4300	12
4310	12
4320	12
4330	12
4340	12
4350	12
4360	12
4370	12
4380	12
4390	12
4400	12
4410	12
4420	12
4430	12
4440	12
4450	12
4460	12
4470	12
4480	12
4490	12
4500	12
4510	12
4520	12
4530	12
4540	12
4550	12
4560	12
4570	12
4580	12
4590	12
4600	12
4610	12
4620	12
4630	12
4640	12
4650	12
4660	12
4670	12
4680	12
4690	12
4700	12
4710	12
4720	12
4730	12
4740	12
4750	12
4760	12
4770	12
4780	12
4790	12
4800	12
4810	12
4820	12
4830	12
4840	12
4850	12
4860	12
4870	12
4880	12
4890	12
4900	12
4910	12
4920	12
4930	12
4940	12
4950	12
4960	12
4970	12
4980	12
4990	12
5000	12
5010	12
5020	12
5030	12
5040	12
5050	12
5060	12
5070	12
5080	12
5090	12
5100	12
5110	12
5120	12
5130	12
5140	12
5150	12
5160	12
5170	12
5180	12
5190	12
5200	12
5210	12
5220	12
5230	12
5240	12
5250	12
5260	12
5270	12
5280	12
5290	12
5300	12
5310	12
5320	12
5330	12
5340	12
5350	12
5360	12
5370	12
5380	12
5390	12
5400	12
5410	12
5420	12
5430	12
5440	12
5450	12
5460	12
5470	12
5480	12
5490	12
5500	12
5510	12
5520	12
5530	12
5540	12
5550	12
5560	12
5570	12
5580	12
5590	12
5600	12
5610	12
5620	12
5630	12
5640	12
5650	12
5660	12
5670	12
5680	12
5690	12
5700	12
5710	12
5720	12
5730	12
5740	12
5750	12
5760	12
5770	12
5780	12
5790	12
5800	12
5810	12
5820	12
5830	12
5840	12
5850	12
5860	12
5870	12
5880	12
5890	12
5900	12
5910	12
5920	12
5930	12
5940	12
5950	12
5960	12
5970	12
5980	12
5990	12
6000	12
6010	12
6020	12
6030	12
6040	12
6050	12
6060	12
6070	12
6080	12
6090	12
6100	12
6110	12
6120	12
6130	12
6140	12
6150	12
6160	12
6170	12
6180	12
6190	12
6200	12
6210	12
6220	12
6230	12
6240	12
6250	12
6260	12
6270	12
6280	12
6290	12
6300	12
6310	12
6320	12
6330	12
6340	12
6350	12
6360	12
6370	12
6380	12
6390	12
6400	12
6410	12
6420	12
6430	12
6440	12
6450	12
6460	12
6470	12
6480	12
6490	12
6500	12
6510	12
6520	12
6530	12
6540	12
6550	12
6560	12
6570	12
6580	12
6590	12
6600	12
6610	12
6620	12
6630	12
6640	12
6650	12
6660	12
6670	12
6680	12
6690	12
6700	12
6710	12
6720	12
6730	12
6740	12
6750	12
6760	12
6770	12
6780	12
6790	12
6800	12
6810	12
6820	12
6830	12
6840	12
6850	12
6860	12
6870	12
6880	12
6890	12
6900	12
6910	12
6920	12
6930	12
6940	12
6950	12
6960	12
6970	12
6980	12
6990	12
7000	12
7010	12
7020	12
7030	12
7040	12
7050	12
7060	12
7070	12
7080	12
7090	14
7100	14
7110	14
7120	14
7130	14
7140	14
7150	14
