Seconds	Methods
10	10
20	10
30	11
40	11
50	12
60	12
70	12
80	12
90	12
100	12
110	12
120	12
130	12
140	12
150	12
160	12
170	12
180	17
190	17
200	17
210	17
220	17
230	17
240	17
250	31
260	31
270	31
280	31
290	31
300	31
310	31
320	31
330	31
340	31
350	31
360	31
370	31
380	31
390	31
400	31
410	31
420	31
430	31
440	31
450	31
460	31
470	31
480	31
490	31
500	31
510	31
520	31
530	31
540	31
550	31
560	31
570	31
580	34
590	34
600	34
610	34
620	34
630	34
640	34
650	34
660	34
670	34
680	34
690	34
700	34
710	34
720	34
730	34
740	34
750	34
760	34
770	34
780	34
790	34
800	34
810	34
820	34
830	34
840	34
850	34
860	34
870	34
880	35
890	35
900	35
910	35
920	35
930	35
940	35
950	35
960	35
970	35
980	35
990	35
1000	35
1010	35
1020	35
1030	35
1040	35
1050	35
1060	35
1070	35
1080	35
1090	35
1100	35
1110	35
1120	35
1130	35
1140	35
1150	35
1160	35
1170	35
1180	35
1190	35
1200	35
1210	35
1220	35
1230	35
1240	35
1250	35
1260	35
1270	35
1280	35
1290	35
1300	35
1310	35
1320	35
1330	35
1340	35
1350	35
1360	35
1370	35
1380	35
1390	35
1400	35
1410	35
1420	35
1430	35
1440	35
1450	35
1460	35
1470	35
1480	35
1490	35
1500	35
1510	35
1520	35
1530	35
1540	35
1550	35
1560	35
1570	35
1580	35
1590	35
1600	35
1610	35
1620	35
1630	35
1640	35
1650	35
1660	35
1670	35
1680	35
1690	35
1700	35
1710	35
1720	35
1730	35
1740	35
1750	35
1760	35
1770	35
1780	35
1790	35
1800	35
1810	35
1820	35
1830	35
1840	35
1850	35
1860	35
1870	35
1880	35
1890	35
1900	35
1910	35
1920	35
1930	35
1940	35
1950	35
1960	35
1970	35
1980	35
1990	35
2000	35
2010	35
2020	35
2030	35
2040	35
2050	35
2060	35
2070	35
2080	35
2090	35
2100	35
2110	35
2120	35
2130	35
2140	35
2150	35
2160	35
2170	35
2180	35
2190	35
2200	35
2210	35
2220	35
2230	35
2240	35
2250	35
2260	35
2270	35
2280	35
2290	35
2300	35
2310	35
2320	35
2330	35
2340	35
2350	35
2360	35
2370	35
2380	35
2390	35
2400	35
2410	35
2420	35
2430	35
2440	35
2450	35
2460	35
2470	35
2480	35
2490	35
2500	35
2510	35
2520	35
2530	35
2540	35
2550	35
2560	35
2570	35
2580	35
2590	35
2600	35
2610	35
2620	35
2630	35
2640	35
2650	35
2660	35
2670	35
2680	35
2690	35
2700	35
2710	35
2720	35
2730	35
2740	35
2750	35
2760	35
2770	35
2780	35
2790	35
2800	35
2810	35
2820	35
2830	35
2840	35
2850	35
2860	35
2870	35
2880	35
2890	35
2900	35
2910	35
2920	35
2930	35
2940	35
2950	35
2960	35
2970	35
2980	35
2990	35
3000	35
3010	35
3020	35
3030	35
3040	35
3050	35
3060	35
3070	35
3080	35
3090	35
3100	35
3110	35
3120	35
3130	35
3140	35
3150	35
3160	35
3170	35
3180	35
3190	35
3200	35
3210	35
3220	35
3230	35
3240	35
3250	35
3260	35
3270	35
3280	35
3290	35
3300	35
3310	35
3320	35
3330	35
3340	35
3350	35
3360	35
3370	35
3380	35
3390	35
3400	35
3410	35
3420	35
3430	35
3440	35
3450	35
3460	35
3470	35
3480	35
3490	35
3500	35
3510	35
3520	35
3530	35
3540	35
3550	35
3560	35
3570	35
3580	35
3590	35
3600	35
3610	35
3620	35
3630	35
3640	35
3650	35
3660	35
3670	35
3680	35
3690	35
3700	35
3710	35
3720	35
3730	35
3740	35
3750	35
3760	35
3770	35
3780	35
3790	35
3800	35
3810	35
3820	35
3830	35
3840	35
3850	35
3860	35
3870	35
3880	35
3890	35
3900	35
3910	35
3920	35
3930	35
3940	35
3950	35
3960	35
3970	35
3980	35
3990	35
4000	35
4010	35
4020	35
4030	35
4040	35
4050	35
4060	35
4070	35
4080	35
4090	35
4100	35
4110	35
4120	35
4130	35
4140	35
4150	35
4160	35
4170	35
4180	35
4190	35
4200	35
4210	35
4220	35
4230	35
4240	35
4250	35
4260	35
4270	35
4280	35
4290	35
4300	35
4310	35
4320	35
4330	35
4340	35
4350	35
4360	35
4370	35
4380	35
4390	35
4400	35
4410	35
4420	35
4430	35
4440	35
4450	35
4460	35
4470	35
4480	35
4490	35
4500	35
4510	35
4520	35
4530	35
4540	35
4550	35
4560	35
4570	35
4580	35
4590	35
4600	35
4610	35
4620	35
4630	35
4640	35
4650	35
4660	35
4670	35
4680	35
4690	35
4700	35
4710	35
4720	35
4730	35
4740	35
4750	35
4760	35
4770	35
4780	35
4790	35
4800	35
4810	35
4820	35
4830	35
4840	35
4850	35
4860	35
4870	35
4880	35
4890	35
4900	35
4910	35
4920	35
4930	35
4940	35
4950	35
4960	35
4970	35
4980	35
4990	35
5000	35
5010	35
5020	35
5030	35
5040	35
5050	35
5060	35
5070	35
5080	35
5090	35
5100	35
5110	35
5120	35
5130	35
5140	35
5150	35
5160	35
5170	35
5180	35
5190	35
5200	35
5210	35
5220	35
5230	35
5240	35
5250	35
5260	35
5270	35
5280	35
5290	35
5300	35
5310	35
5320	35
5330	35
5340	35
5350	35
5360	35
5370	35
5380	35
5390	35
5400	35
5410	35
5420	35
5430	35
5440	35
5450	35
5460	35
5470	35
5480	35
5490	35
5500	35
5510	35
5520	35
5530	35
5540	35
5550	35
5560	35
5570	35
5580	35
5590	35
5600	35
5610	35
5620	35
5630	35
5640	35
5650	35
5660	35
5670	35
5680	35
5690	35
5700	35
5710	35
5720	35
5730	35
5740	35
5750	35
5760	35
5770	35
5780	35
5790	35
5800	35
5810	35
5820	35
5830	35
5840	35
5850	35
5860	35
5870	35
5880	35
5890	35
5900	35
5910	35
5920	35
5930	35
5940	35
5950	35
5960	35
5970	35
5980	35
5990	35
6000	35
6010	35
6020	35
6030	35
6040	35
6050	35
6060	35
6070	35
6080	35
6090	35
6100	35
6110	35
6120	35
6130	35
6140	35
6150	35
6160	35
6170	35
6180	35
6190	35
6200	35
6210	35
6220	35
6230	35
6240	35
6250	35
6260	35
6270	35
6280	35
6290	35
6300	35
6310	35
6320	35
6330	35
6340	35
6350	35
6360	35
6370	35
6380	35
6390	35
6400	35
6410	35
6420	35
6430	35
6440	35
6450	35
6460	35
6470	35
6480	35
6490	35
6500	35
6510	35
6520	35
6530	35
6540	35
6550	35
6560	35
6570	35
6580	35
6590	35
6600	35
6610	35
6620	35
6630	35
6640	35
6650	35
6660	35
6670	35
6680	35
6690	35
6700	35
6710	35
6720	35
6730	35
6740	35
6750	35
6760	35
6770	35
6780	35
6790	35
6800	35
6810	35
6820	35
6830	35
6840	35
6850	35
6860	35
6870	35
6880	35
6890	35
6900	35
6910	35
6920	35
6930	35
6940	35
6950	35
6960	35
6970	35
6980	35
6990	35
7000	35
7010	35
7020	35
7030	35
7040	35
7050	35
7060	35
7070	35
7080	35
7090	35
7100	35
7110	35
7120	35
7130	35
7140	35
7150	35
7160	35
