Seconds	Methods
10	11
20	11
30	11
40	11
50	11
60	11
70	11
80	11
90	11
100	11
110	11
120	11
130	11
140	11
150	11
160	11
170	11
180	11
190	11
200	11
210	11
220	11
230	11
240	11
250	11
260	11
270	11
280	11
290	11
300	11
310	11
320	11
330	11
340	11
350	11
360	11
370	11
380	11
390	11
400	11
410	11
420	11
430	11
440	11
450	11
460	11
470	11
480	11
490	11
500	11
510	11
520	11
530	11
540	11
550	11
560	11
570	11
580	11
590	11
600	11
610	11
620	11
630	11
640	11
650	11
660	11
670	11
680	11
690	11
700	11
710	11
720	11
730	11
740	11
750	11
760	11
770	11
780	11
790	11
800	11
810	11
820	11
830	11
840	11
850	11
860	11
870	11
880	11
890	11
900	11
910	11
920	11
930	11
940	11
950	11
960	11
970	11
980	11
990	11
1000	11
1010	11
1020	11
1030	11
1040	11
1050	11
1060	11
1070	11
1080	11
1090	11
1100	11
1110	11
1120	11
1130	11
1140	11
1150	11
1160	11
1170	11
1180	11
1190	11
1200	11
1210	11
1220	11
1230	11
1240	11
1250	11
1260	11
1270	11
1280	11
1290	11
1300	11
1310	11
1320	11
1330	11
1340	11
1350	11
1360	11
1370	11
1380	11
1390	11
1400	11
1410	11
1420	11
1430	11
1440	11
1450	11
1460	11
1470	11
1480	11
1490	11
1500	11
1510	11
1520	11
1530	11
1540	11
1550	11
1560	11
1570	11
1580	11
1590	11
1600	11
1610	11
1620	11
1630	11
1640	11
1650	11
1660	11
1670	11
1680	11
1690	11
1700	11
1710	11
1720	11
1730	11
1740	11
1750	11
1760	11
1770	11
1780	11
1790	11
1800	11
1810	11
1820	11
1830	11
1840	11
1850	11
1860	11
1870	11
1880	11
1890	11
1900	11
1910	11
1920	11
1930	11
1940	11
1950	11
1960	11
1970	11
1980	11
1990	11
2000	11
2010	11
2020	11
2030	11
2040	11
2050	11
2060	11
2070	11
2080	11
2090	11
2100	11
2110	11
2120	11
2130	11
2140	11
2150	11
2160	11
2170	11
2180	11
2190	11
2200	11
2210	11
2220	11
2230	11
2240	11
2250	11
2260	11
2270	11
2280	11
2290	11
2300	11
2310	11
2320	11
2330	11
2340	11
2350	11
2360	11
2370	11
2380	11
2390	11
2400	11
2410	11
2420	11
2430	11
2440	11
2450	11
2460	11
2470	11
2480	11
2490	11
2500	11
2510	11
2520	11
2530	11
2540	11
2550	11
2560	11
2570	11
2580	11
2590	11
2600	11
2610	11
2620	11
2630	11
2640	11
2650	11
2660	11
2670	11
2680	11
2690	11
2700	11
2710	11
2720	11
2730	11
2740	11
2750	11
2760	11
2770	11
2780	11
2790	11
2800	11
2810	11
2820	11
2830	11
2840	11
2850	11
2860	11
2870	11
2880	11
2890	11
2900	11
2910	11
2920	11
2930	11
2940	11
2950	11
2960	11
2970	11
2980	11
2990	11
3000	11
3010	11
3020	11
3030	11
3040	11
3050	11
3060	11
3070	11
3080	11
3090	11
3100	11
3110	11
3120	11
3130	11
3140	11
3150	11
3160	11
3170	11
3180	11
3190	11
3200	11
3210	11
3220	11
3230	11
3240	11
3250	11
3260	11
3270	11
3280	11
3290	11
3300	11
3310	11
3320	11
3330	11
3340	11
3350	11
3360	11
3370	11
3380	11
3390	11
3400	11
3410	11
3420	11
3430	11
3440	11
3450	11
3460	11
3470	11
3480	11
3490	11
3500	11
3510	11
3520	11
3530	11
3540	11
3550	11
3560	11
3570	11
3580	11
3590	11
3600	11
3610	11
3620	11
3630	11
3640	11
3650	11
3660	11
3670	11
3680	11
3690	11
3700	11
3710	11
3720	11
3730	11
3740	11
3750	11
3760	11
3770	11
3780	11
3790	11
3800	11
3810	11
3820	11
3830	11
3840	11
3850	11
3860	11
3870	11
3880	11
3890	11
3900	11
3910	11
3920	11
3930	11
3940	11
3950	11
3960	11
3970	11
3980	11
3990	11
4000	11
4010	11
4020	11
4030	11
4040	11
4050	11
4060	11
4070	11
4080	11
4090	11
4100	11
4110	11
4120	11
4130	11
4140	11
4150	11
4160	11
4170	11
4180	11
4190	11
4200	11
4210	11
4220	11
4230	11
4240	11
4250	11
4260	11
4270	11
4280	12
4290	12
4300	12
4310	12
4320	12
4330	12
4340	12
4350	12
4360	12
4370	12
4380	12
4390	12
4400	12
4410	12
4420	12
4430	12
4440	12
4450	12
4460	12
4470	12
4480	12
4490	12
4500	13
4510	13
4520	13
4530	13
4540	13
4550	13
4560	13
4570	13
4580	13
4590	13
4600	13
4610	13
4620	13
4630	13
4640	13
4650	13
4660	13
4670	13
4680	13
4690	13
4700	13
4710	13
4720	13
4730	13
4740	13
4750	13
4760	13
4770	13
4780	13
4790	13
4800	13
4810	13
4820	13
4830	13
4840	13
4850	13
4860	13
4870	13
4880	13
4890	13
4900	13
4910	13
4920	13
4930	13
4940	13
4950	13
4960	13
4970	13
4980	13
4990	13
5000	13
5010	13
5020	13
5030	13
5040	13
5050	13
5060	13
5070	13
5080	13
5090	13
5100	13
5110	13
5120	13
5130	13
5140	13
5150	13
5160	13
5170	13
5180	13
5190	13
5200	13
5210	13
5220	13
5230	13
5240	13
5250	13
5260	13
5270	13
5280	13
5290	13
5300	13
5310	13
5320	13
5330	13
5340	13
5350	13
5360	13
5370	13
5380	13
5390	13
5400	13
5410	13
5420	13
5430	13
5440	13
5450	13
5460	13
5470	13
5480	13
5490	13
5500	13
5510	13
5520	13
5530	13
5540	13
5550	13
5560	13
5570	13
5580	13
5590	13
5600	13
5610	13
5620	13
5630	13
5640	13
5650	13
5660	13
5670	13
5680	13
5690	13
5700	13
5710	13
5720	13
5730	13
5740	13
5750	13
5760	13
5770	13
5780	13
5790	13
5800	13
5810	13
5820	13
5830	13
5840	13
5850	13
5860	13
5870	13
5880	13
5890	13
5900	13
5910	13
5920	13
5930	13
5940	13
5950	13
5960	13
5970	13
5980	13
5990	13
6000	13
6010	13
6020	13
6030	13
6040	13
6050	13
6060	13
6070	13
6080	13
6090	13
6100	13
6110	13
6120	13
6130	13
6140	13
6150	13
6160	13
6170	13
6180	13
6190	13
6200	13
6210	13
6220	13
6230	13
6240	13
6250	13
6260	13
6270	13
6280	13
6290	13
6300	13
6310	13
6320	13
6330	13
6340	13
6350	13
6360	13
6370	13
6380	13
6390	13
6400	13
6410	13
6420	13
6430	13
6440	13
6450	13
6460	13
6470	13
6480	13
6490	13
6500	13
6510	13
6520	13
6530	13
6540	13
6550	13
6560	13
6570	13
6580	13
6590	13
6600	13
6610	13
6620	13
6630	13
6640	13
6650	13
6660	13
6670	13
6680	13
6690	13
6700	13
6710	13
6720	13
6730	13
6740	13
6750	13
6760	13
6770	13
6780	13
6790	13
6800	13
6810	13
6820	13
6830	13
6840	13
6850	13
6860	13
6870	13
6880	13
6890	13
6900	13
6910	13
6920	13
6930	13
6940	13
6950	13
6960	13
6970	13
6980	13
6990	13
7000	13
7010	13
7020	13
7030	13
7040	13
7050	13
7060	13
7070	13
7080	13
7090	13
7100	13
7110	13
7120	13
7130	13
7140	13
7150	13
